noise
t 180
p 0
v 4
e 1
dv 0
ds 0
cv 0
cw 0
vd 0
vf 0

r 480
0 480 90 100
0 480 90 100
0 480 90 100
0 240 10 150
0 240 90 100
0 240 10 150
0 240 90 100
0 240 10 150
0 240 90 100
0 240 10 150
0 240 90 100
0 240 10 150
0 240 90 100
0 240 10 150
0 240 90 100
0 240 10 150
0 240 90 100
0 240 10 150
0 240 90 100
0 240 10 150
0 240 90 100
0 240 10 150
0 240 90 100
0 240 10 150
0 240 90 100
0 240 10 150
0 240 90 100
0 240 10 150
0 240 90 100
0 240 10 150
0 240 90 100
0 240 10 150
0 240 90 100
0 240 10 150
0 240 90 100
0 240 10 150
0 240 90 100
0 240 10 150
0 240 90 100
0 240 10 150
0 240 90 100
0 240 10 150
0 240 90 100
0 240 10 150
0 240 90 100
0 240 10 150
0 240 90 100
0 240 10 150
0 240 90 100
0 240 10 150
0 240 90 100
0 240 10 150
0 240 90 100
0 240 10 150
0 240 90 100
0 240 10 150
0 240 90 100
0 240 10 150
0 240 90 100
0 480 90 100
0 480 90 100
0 480 90 100
0 120 20 100
0 120 20 100
0 120 20 100
0 120 20 100
0 240 10 150
0 240 90 100
0 240 10 150
0 240 90 100
0 240 10 150
0 240 90 100
0 240 10 150
0 240 90 100
0 240 10 150
0 240 90 100
0 240 10 150
0 240 90 100
0 240 10 150
0 240 90 100
0 240 10 150
0 240 90 100
0 240 10 150
0 240 90 100
0 240 10 150
0 240 90 100
0 240 10 150
0 240 90 100
0 240 10 150
0 240 90 100
0 240 10 150
0 240 90 100
0 240 10 150
0 240 90 100
0 240 10 150
0 240 90 100
0 240 10 150
0 240 90 100
0 240 10 150
0 240 90 100
0 240 10 150
0 240 90 100
0 240 10 150
0 240 90 100
0 240 10 150
0 240 90 100
0 240 10 150
0 240 90 100
0 240 10 150
0 240 90 100
0 240 10 150
0 240 90 100
0 240 10 150
0 240 90 100
0 240 10 150
0 240 90 100
0 240 10 150
0 240 90 100
0 240 10 150
0 240 90 100
0 240 10 150
0 240 90 100
0 480 90 100
0 480 90 100
0 480 90 100
0 120 20 100
0 120 20 100
0 120 20 100
0 120 20 100
0 480 100 100 
0 480 100 90
0 480 100 80
0 480 100 70
0 480 100 60
0 480 100 50
0 480 100 40
0 480 100 30
r 480