saw
t 180
p 0
v 1.5
e 1
dv 0
ds 0
cv 0
cw 0
vd 0
vf 0

r 480
35 480 99.9 100
33 480 99.9 100
32 480 99.9 100
33 240 38 100
45 240 99.9 100
33 240 38 100
45 240 99.9 100
33 240 38 100
45 240 99.9 100
33 240 38 100
45 240 99.9 100

37 240 38 100
49 240 99.9 100
37 240 38 100
49 240 99.9 100
37 240 38 100
49 240 99.9 100
37 240 38 100
49 240 99.9 100

38 240 38 100
50 240 99.9 100
38 240 38 100
50 240 99.9 100
38 240 38 100
50 240 99.9 100
38 240 38 100
50 240 99.9 100

37 240 38 100
49 240 99.9 100
37 240 38 100
49 240 99.9 100
37 240 38 100
49 240 99.9 100
37 240 38 100
49 240 99.9 100

35 240 38 100
47 240 99.9 100
35 240 38 100
47 240 99.9 100
35 240 38 100
47 240 99.9 100
35 240 38 100
47 240 99.9 100

33 240 38 100
45 240 99.9 100
33 240 38 100
45 240 99.9 100
33 240 38 100
45 240 99.9 100
33 240 38 100
45 240 99.9 100

35 240 38 100
47 240 99.9 100
35 240 38 100
47 240 99.9 100
35 240 38 100
47 240 99.9 100
35 240 38 100
47 240 99.9 100

37 240 38 100
49 240 99.9 100
37 240 38 100
49 240 99.9 100
37 240 38 100
49 240 99.9 100
37 240 38 100
49 240 99.9 100

42 240 38 100
54 240 99.9 100
42 240 38 100
54 240 99.9 100
42 240 38 100
54 240 99.9 100
42 240 38 100
54 240 99.9 100

37 240 38 100
49 240 99.9 100
37 240 38 100
49 240 99.9 100
37 240 38 100
49 240 99.9 100
37 240 38 100
49 240 99.9 100

38 240 38 100
50 240 99.9 100
38 240 38 100
50 240 99.9 100
38 240 38 100
50 240 99.9 100
38 240 38 100
50 240 99.9 100

37 240 38 100
49 240 99.9 100
37 240 38 100
49 240 99.9 100
37 240 38 100
49 240 99.9 100
37 240 38 100
49 240 99.9 100

35 240 38 100
47 240 99.9 100
35 240 38 100
47 240 99.9 100
35 240 38 100
47 240 99.9 100
35 240 38 100
47 240 99.9 100

33 240 38 100
45 240 99.9 100
33 240 38 100
45 240 99.9 100
33 240 38 100
45 240 99.9 100
33 240 38 100
45 240 99.9 100

35 240 38 100
47 240 99.9 100
35 240 38 100
47 240 99.9 100
35 240 38 100
47 240 99.9 100
35 240 38 100
47 240 99.9 100

37 240 38 100
49 240 99.9 100
37 240 38 100
49 240 99.9 100
37 240 38 100
49 240 99.9 100
37 240 38 100
49 240 99.9 100
45 3840 100 100