e 1
vd 0
r 480
71 480 99.9 100
69 480 99.9 100
68 480 99.9 100
69 720 90 100
69 120 100 100
71 120 100 100
73 360 99.9 100
71 360 99.9 100
73 240 99.9 100
73 720 90 100
73 120 100 100
78 120 100 100
80 240 99.9 100
81 240 99.9 100
80 240 99.9 100
76 240 99.9 100
78 360 99.9 100
80 360 99.9 100
81 240 99.9 100
80 360 99.9 100
76 360 99.9 100
74 240 99.9 100
73 720 99.9 100
78 240 99.9 100
78 960 90 100
74 960 99.9 100
74 360 99.9 100
76 360 99.9 100
74 240 99.9 100
73 360 99.9 100
71 360 99.9 100
69 240 99.9 100
69 360 99.9 100
68 360 99.9 100
66 240 99.9 100
68 360 99.9 100
69 360 99.9 100
71 240 99.9 100
73 120 100 100
71 120 100 100
69 120 100 100
66 120 100 100
69 120 100 100
73 120 100 100
74 120 100 100
76 120 100 100
77 240 100 100
65 240 50 100
78 240 100 100
66 240 50 100
80 240 100 100
68 240 50 100
83 480 99.9 100
81 720 90 100
81 120 99.9 100
83 120 99.9 100
85 360 99.9 100
83 360 99.9 100
81 240 99.9 100
80 720 90 100
78 120 99.9 100
81 120 99.9 100
83 240 99.9 100
81 240 99.9 100
80 240 99.9 100
76 240 99.9 100
78 360 99.9 100
80 360 99.9 100
81 240 99.9 100
80 360 99.9 100
76 360 99.9 100
74 240 99.9 100
73 720 99.9 100
78 240 99.9 100
78 960 90 100
74 960 99.9 100
74 360 99.9 100
76 360 99.9 100
74 240 99.9 100
73 360 99.9 100
71 360 99.9 100
69 240 99.9 100
69 360 99.9 100
68 360 99.9 100
66 240 99.9 100
68 360 99.9 100
69 360 99.9 100
71 240 99.9 100
73 120 99.9 100
71 120 99.9 100
69 120 99.9 100
66 120 99.9 100
69 120 99.9 100
73 120 99.9 100
74 120 99.9 100
76 120 99.9 100
77 240 100 100
65 240 50 100
78 240 100 100
66 240 50 100
80 240 100 100
68 240 50 100
83 480 99.9 100
81 3840 100 100
r 480