e 0.75
vd 0
r 480
68 480 99.9 100
66 480 99.9 100
64 480 99.9 100
66 720 90 100
66 120 100 100
68 120 100 100
69 360 99.9 100
68 360 99.9 100
69 240 99.9 100
69 720 90 100
69 120 100 100
74 120 100 100
76 240 99.9 100
78 240 99.9 100
76 240 99.9 100
73 240 99.9 100
74 360 99.9 100
76 360 99.9 100
78 240 99.9 100
76 360 99.9 100
73 360 99.9 100
71 240 99.9 100
69 720 99.9 100
73 240 99.9 100
73 960 90 100
71 960 99.9 100
71 360 99.9 100
73 360 99.9 100
71 240 99.9 100
69 360 99.9 100
68 360 99.9 100
66 240 99.9 100
66 360 99.9 100
64 360 99.9 100
62 240 99.9 100
64 360 99.9 100
66 360 99.9 100
68 240 99.9 100
69 120 100 100
68 120 100 100
66 120 100 100
62 120 100 100
66 120 100 100
69 120 100 100
71 120 100 100
73 120 100 100
73 240 100 100
61 240 50 100
74 240 100 100
62 240 50 100
76 240 100 100
64 240 50 100
80 480 99.9 100
78 720 90 100
78 120 100 100
80 120 100 100
81 360 99.9 100
80 360 99.9 100
78 240 99.9 100
76 720 90 100
74 120 100 100
78 120 100 100
80 240 99.9 100
78 240 99.9 100
76 240 99.9 100
73 240 99.9 100
74 360 99.9 100
76 360 99.9 100
78 240 99.9 100
76 360 99.9 100
73 360 99.9 100
71 240 99.9 100
69 720 99.9 100
73 240 99.9 100
73 960 90 100
71 960 99.9 100
71 360 99.9 100
73 360 99.9 100
71 240 99.9 100
69 360 99.9 100
68 360 99.9 100
66 240 99.9 100
66 360 99.9 100
64 360 99.9 100
62 240 99.9 100
64 360 99.9 100
66 360 99.9 100
68 240 99.9 100
69 120 100 100
68 120 100 100
66 120 100 100
62 120 100 100
66 120 100 100
69 120 100 100
71 120 100 100
73 120 100 100
73 240 100 100
61 240 50 100
74 240 100 100
62 240 50 100
76 240 100 100
64 240 50 100
80 480 99.9 100
78 3840 100 100
r 480